5 0.271461
1 0.985937 0.5 0.984375 0.502778 0.979688 0.502778 0.978125 0.505556 0.978125 0.508333 0.976562 0.511111 0.976562 0.530556 0.978125 0.533333 0.978125 0.536111 0.979688 0.536111 0.98125 0.538889 0.998438 0.538889 0.998438 0.5 0.276485
1 0.99375 0.222222 0.992188 0.225 0.989062 0.225 0.989062 0.233333 0.9875 0.236111 0.9875 0.258333 0.989062 0.261111 0.989062 0.269444 0.990625 0.272222 0.990625 0.277778 0.992188 0.280556 0.992188 0.283333 0.989062 0.288889 0.989062 0.305556 0.995313 0.316667 0.998438 0.316667 0.998438 0.222222 0.305681
7 0.103125 0.0111111 0.101562 0.0138889 0.0859375 0.0138889 0.084375 0.0166667 0.0765625 0.0166667 0.075 0.0194444 0.0703125 0.0194444 0.06875 0.0222222 0.065625 0.0222222 0.0640625 0.025 0.0625 0.025 0.059375 0.0305556 0.0546875 0.0305556 0.053125 0.0333333 0.0359375 0.0333333 0.034375 0.0361111 0.0296875 0.0361111 0.028125 0.0388889 0.009375 0.0388889 0.009375 0.0416667 0.0078125 0.0444444 0.0078125 0.233333 0.009375 0.236111 0.009375 0.247222 0.0109375 0.247222 0.0125 0.25 0.134375 0.25 0.135937 0.247222 0.148438 0.247222 0.15 0.25 0.165625 0.25 0.167187 0.247222 0.171875 0.247222 0.175 0.241667 0.178125 0.241667 0.18125 0.247222 0.190625 0.247222 0.192188 0.25 0.248437 0.25 0.25 0.247222 0.254687 0.247222 0.254687 0.244444 0.257812 0.238889 0.257812 0.227778 0.25625 0.225 0.25625 0.219444 0.254687 0.216667 0.254687 0.213889 0.25625 0.211111 0.25625 0.202778 0.257812 0.2 0.257812 0.188889 0.259375 0.186111 0.259375 0.138889 0.257812 0.136111 0.251563 0.136111 0.25 0.133333 0.242188 0.133333 0.240625 0.130556 0.232812 0.130556 0.23125 0.133333 0.215625 0.133333 0.214062 0.130556 0.201562 0.130556 0.2 0.127778 0.19375 0.127778 0.192188 0.130556 0.189063 0.130556 0.185937 0.125 0.185937 0.122222 0.1875 0.119444 0.1875 0.116667 0.189063 0.113889 0.1875 0.111111 0.1875 0.1 0.185937 0.0972222 0.185937 0.0944444 0.189063 0.0888889 0.190625 0.0888889 0.192188 0.0861111 0.201562 0.0861111 0.203125 0.0888889 0.207813 0.0888889 0.209375 0.0861111 0.210938 0.0861111 0.2125 0.0833333 0.215625 0.0833333 0.217187 0.0805556 0.221875 0.0805556 0.223438 0.0777778 0.223438 0.0472222 0.226562 0.0416667 0.226562 0.0388889 0.232812 0.0277778 0.234375 0.0277778 0.240625 0.0166667 0.248437 0.0166667 0.246875 0.0166667 0.245312 0.0138889 0.2125 0.0138889 0.210938 0.0111111 0.33413
7 0.0875 0.858333 0.0859375 0.861111 0.0859375 0.875 0.084375 0.877778 0.084375 0.880556 0.0859375 0.883333 0.0859375 0.886111 0.0875 0.888889 0.0875 0.891667 0.0890625 0.894444 0.0890625 0.9 0.090625 0.902778 0.0921875 0.9 0.096875 0.9 0.0984375 0.897222 0.0984375 0.894444 0.101562 0.888889 0.101562 0.886111 0.103125 0.883333 0.103125 0.869444 0.101562 0.866667 0.101562 0.863889 0.0984375 0.858333 0.376911
5 0.476562 0.433333 0.475 0.436111 0.475 0.458333 0.478125 0.463889 0.479688 0.463889 0.48125 0.461111 0.484375 0.461111 0.485938 0.463889 0.492188 0.463889 0.49375 0.461111 0.504687 0.461111 0.50625 0.458333 0.507812 0.458333 0.514063 0.447222 0.514063 0.441667 0.515625 0.438889 0.514063 0.436111 0.5125 0.436111 0.510938 0.433333 0.378298
5 0.796875 0.577778 0.795313 0.580556 0.795313 0.583333 0.796875 0.586111 0.803125 0.586111 0.804688 0.583333 0.80625 0.583333 0.80625 0.580556 0.804688 0.580556 0.803125 0.577778 0.504358
1 0.332812 0.788889 0.33125 0.791667 0.33125 0.802778 0.334375 0.808333 0.375 0.808333 0.376563 0.805556 0.382812 0.805556 0.384375 0.802778 0.384375 0.791667 0.379687 0.791667 0.378125 0.788889 0.527086
1 0.034375 0.822222 0.0328125 0.825 0.0296875 0.825 0.028125 0.827778 0.0234375 0.827778 0.021875 0.830556 0.01875 0.830556 0.0171875 0.833333 0.0140625 0.833333 0.00625 0.847222 0.00625 0.855556 0.0078125 0.858333 0.0078125 0.872222 0.021875 0.872222 0.0234375 0.869444 0.025 0.869444 0.0265625 0.866667 0.0296875 0.866667 0.03125 0.863889 0.0375 0.863889 0.0390625 0.861111 0.0421875 0.861111 0.04375 0.858333 0.0453125 0.858333 0.046875 0.855556 0.05 0.855556 0.0515625 0.852778 0.053125 0.852778 0.053125 0.85 0.0546875 0.847222 0.0546875 0.827778 0.0515625 0.822222 0.562747
5 0.482812 0.5 0.48125 0.502778 0.48125 0.505556 0.482812 0.508333 0.485938 0.508333 0.4875 0.505556 0.489062 0.505556 0.4875 0.502778 0.485938 0.502778 0.484375 0.5 0.6012
7 0.773438 0.466667 0.771875 0.469444 0.765625 0.469444 0.764063 0.472222 0.759375 0.472222 0.757812 0.475 0.754687 0.475 0.753125 0.477778 0.746875 0.477778 0.745313 0.480556 0.740625 0.480556 0.739062 0.483333 0.7375 0.483333 0.735937 0.486111 0.73125 0.486111 0.729688 0.488889 0.726562 0.488889 0.725 0.491667 0.721875 0.491667 0.71875 0.497222 0.717188 0.497222 0.715625 0.5 0.714063 0.5 0.710938 0.505556 0.709375 0.505556 0.707812 0.508333 0.70625 0.508333 0.704687 0.511111 0.701563 0.511111 0.7 0.513889 0.698438 0.513889 0.696875 0.516667 0.695312 0.516667 0.69375 0.519444 0.692187 0.519444 0.690625 0.522222 0.670313 0.522222 0.66875 0.525 0.667188 0.525 0.665625 0.527778 0.664062 0.527778 0.6625 0.530556 0.651563 0.530556 0.65 0.533333 0.64375 0.533333 0.642187 0.536111 0.639063 0.536111 0.6375 0.538889 0.634375 0.538889 0.632812 0.541667 0.629687 0.541667 0.628125 0.544444 0.625 0.544444 0.623438 0.547222 0.620313 0.547222 0.610937 0.563889 0.609375 0.563889 0.607813 0.566667 0.601562 0.566667 0.6 0.569444 0.596875 0.569444 0.59375 0.575 0.582812 0.575 0.58125 0.577778 0.564062 0.577778 0.5625 0.580556 0.559375 0.580556 0.557813 0.583333 0.551562 0.583333 0.55 0.586111 0.546875 0.586111 0.545313 0.588889 0.542188 0.588889 0.540625 0.591667 0.532812 0.591667 0.53125 0.594444 0.529688 0.594444 0.528125 0.597222 0.526563 0.597222 0.525 0.6 0.520312 0.6 0.51875 0.602778 0.5125 0.602778 0.510938 0.605556 0.507812 0.605556 0.50625 0.608333 0.503125 0.608333 0.501562 0.611111 0.5 0.611111 0.498437 0.613889 0.495313 0.613889 0.49375 0.616667 0.490625 0.616667 0.489062 0.619444 0.485938 0.619444 0.484375 0.622222 0.476562 0.622222 0.475 0.619444 0.470313 0.619444 0.46875 0.616667 0.465625 0.616667 0.464063 0.613889 0.454688 0.613889 0.453125 0.611111 0.445312 0.611111 0.44375 0.608333 0.442187 0.608333 0.440625 0.605556 0.4375 0.605556 0.435937 0.608333 0.429688 0.608333 0.426562 0.613889 0.426562 0.616667 0.420312 0.627778 0.420312 0.641667 0.41875 0.644444 0.41875 0.65 0.415625 0.655556 0.414062 0.655556 0.4125 0.658333 0.40625 0.658333 0.404687 0.661111 0.401563 0.661111 0.4 0.663889 0.398438 0.663889 0.396875 0.666667 0.36875 0.666667 0.367188 0.663889 0.359375 0.663889 0.35625 0.658333 0.354688 0.658333 0.351562 0.652778 0.35 0.652778 0.348437 0.65 0.346875 0.65 0.34375 0.644444 0.342187 0.644444 0.340625 0.641667 0.328125 0.641667 0.326562 0.638889 0.325 0.638889 0.321875 0.633333 0.320312 0.633333 0.31875 0.630556 0.309375 0.630556 0.307813 0.633333 0.30625 0.633333 0.304688 0.636111 0.303125 0.636111 0.296875 0.647222 0.29375 0.647222 0.292188 0.65 0.289062 0.65 0.285937 0.655556 0.265625 0.655556 0.264062 0.652778 0.2625 0.652778 0.260938 0.65 0.260938 0.647222 0.259375 0.644444 0.259375 0.638889 0.257812 0.636111 0.25625 0.636111 0.254687 0.633333 0.248437 0.633333 0.246875 0.636111 0.245312 0.636111 0.242188 0.641667 0.240625 0.641667 0.239063 0.644444 0.2375 0.644444 0.226562 0.663889 0.225 0.663889 0.223438 0.666667 0.21875 0.666667 0.217187 0.669444 0.210938 0.669444 0.209375 0.672222 0.207813 0.672222 0.207813 0.675 0.20625 0.677778 0.204688 0.677778 0.203125 0.680556 0.198437 0.680556 0.196875 0.683333 0.195312 0.683333 0.19375 0.686111 0.192188 0.686111 0.190625 0.688889 0.1625 0.688889 0.160938 0.686111 0.157813 0.686111 0.15625 0.683333 0.154687 0.683333 0.153125 0.680556 0.151562 0.680556 0.15 0.677778 0.148438 0.677778 0.146875 0.675 0.146875 0.672222 0.145313 0.669444 0.142188 0.669444 0.140625 0.666667 0.1375 0.666667 0.135937 0.669444 0.134375 0.669444 0.132812 0.672222 0.132812 0.675 0.125 0.688889 0.123438 0.688889 0.121875 0.691667 0.11875 0.691667 0.117188 0.694444 0.1 0.694444 0.0984375 0.691667 0.0921875 0.691667 0.090625 0.688889 0.0875 0.688889 0.0828125 0.680556 0.078125 0.680556 0.0765625 0.677778 0.075 0.677778 0.0734375 0.675 0.071875 0.675 0.0703125 0.672222 0.06875 0.672222 0.0671875 0.669444 0.0625 0.669444 0.0609375 0.666667 0.0578125 0.666667 0.05625 0.663889 0.053125 0.663889 0.0515625 0.661111 0.034375 0.661111 0.0328125 0.663889 0.0328125 0.669444 0.03125 0.672222 0.03125 0.772222 0.0328125 0.775 0.325 0.775 0.326562 0.772222 0.339063 0.772222 0.340625 0.769444 0.348437 0.769444 0.35 0.766667 0.35625 0.766667 0.357812 0.769444 0.392188 0.769444 0.39375 0.766667 0.448438 0.766667 0.45 0.763889 0.49375 0.763889 0.495313 0.766667 0.504687 0.766667 0.50625 0.769444 0.507812 0.769444 0.509375 0.766667 0.51875 0.766667 0.520312 0.763889 0.53125 0.763889 0.532812 0.761111 0.539062 0.761111 0.540625 0.758333 0.542188 0.758333 0.54375 0.755556 0.546875 0.755556 0.548437 0.752778 0.553125 0.752778 0.554688 0.75 0.560938 0.75 0.5625 0.747222 0.564062 0.747222 0.565625 0.744444 0.570312 0.744444 0.571875 0.741667 0.579687 0.741667 0.582812 0.736111 0.584375 0.736111 0.585938 0.733333 0.59375 0.733333 0.595312 0.730556 0.604688 0.730556 0.607813 0.725 0.610937 0.725 0.6125 0.722222 0.61875 0.722222 0.620313 0.719444 0.621875 0.719444 0.621875 0.716667 0.626562 0.708333 0.63125 0.708333 0.632812 0.705556 0.634375 0.705556 0.635938 0.702778 0.6375 0.702778 0.639063 0.7 0.640625 0.7 0.642187 0.697222 0.646875 0.697222 0.648438 0.694444 0.653125 0.694444 0.654688 0.691667 0.65625 0.691667 0.657812 0.688889 0.660937 0.688889 0.6625 0.686111 0.678125 0.686111 0.679688 0.688889 0.685938 0.688889 0.6875 0.686111 0.690625 0.686111 0.692187 0.683333 0.69375 0.683333 0.695312 0.680556 0.698438 0.680556 0.7 0.677778 0.703125 0.677778 0.704687 0.675 0.707812 0.675 0.709375 0.672222 0.7125 0.672222 0.714063 0.669444 0.717188 0.669444 0.71875 0.666667 0.723437 0.666667 0.725 0.663889 0.728125 0.663889 0.73125 0.669444 0.732813 0.669444 0.732813 0.658333 0.734375 0.655556 0.734375 0.65 0.739062 0.641667 0.74375 0.641667 0.745313 0.638889 0.746875 0.638889 0.75 0.633333 0.751562 0.633333 0.753125 0.630556 0.75625 0.630556 0.757812 0.627778 0.760938 0.627778 0.7625 0.625 0.764063 0.625 0.765625 0.622222 0.767187 0.622222 0.76875 0.619444 0.775 0.619444 0.776563 0.616667 0.795313 0.616667 0.801562 0.627778 0.803125 0.627778 0.807813 0.619444 0.809375 0.619444 0.810938 0.616667 0.8125 0.616667 0.817187 0.608333 0.817187 0.605556 0.820312 0.6 0.826563 0.6 0.828125 0.602778 0.829687 0.602778 0.83125 0.6 0.8375 0.6 0.842188 0.591667 0.845312 0.591667 0.846875 0.588889 0.848437 0.588889 0.85 0.586111 0.851562 0.586111 0.854688 0.580556 0.857813 0.580556 0.859375 0.577778 0.86875 0.577778 0.870313 0.575 0.873438 0.575 0.875 0.572222 0.876562 0.572222 0.878125 0.569444 0.88125 0.569444 0.882812 0.566667 0.8875 0.566667 0.889063 0.563889 0.904688 0.563889 0.90625 0.561111 0.920313 0.561111 0.921875 0.558333 0.921875 0.552778 0.923437 0.55 0.923437 0.472222 0.920313 0.466667 0.604338
1 0.989062 0.133333 0.9875 0.136111 0.9875 0.161111 0.989062 0.163889 0.998438 0.163889 0.998438 0.133333 0.616885
1 0.770312 0.622222 0.76875 0.625 0.767187 0.625 0.765625 0.627778 0.764063 0.627778 0.7625 0.630556 0.760938 0.630556 0.759375 0.633333 0.751562 0.633333 0.74375 0.647222 0.74375 0.663889 0.745313 0.666667 0.745313 0.672222 0.770312 0.672222 0.773438 0.666667 0.775 0.666667 0.776563 0.663889 0.784375 0.663889 0.785937 0.661111 0.7875 0.661111 0.789062 0.658333 0.790625 0.658333 0.796875 0.647222 0.796875 0.641667 0.798437 0.638889 0.796875 0.636111 0.796875 0.630556 0.79375 0.625 0.792188 0.625 0.790625 0.622222 0.639739
4 0.984375 0.544444 0.982813 0.547222 0.98125 0.547222 0.976562 0.555556 0.973437 0.555556 0.971875 0.558333 0.96875 0.558333 0.967188 0.561111 0.965625 0.561111 0.964063 0.563889 0.9625 0.563889 0.960938 0.566667 0.957812 0.566667 0.95625 0.569444 0.953125 0.569444 0.948438 0.577778 0.946875 0.577778 0.945312 0.580556 0.942187 0.580556 0.940625 0.583333 0.939062 0.583333 0.9375 0.586111 0.935938 0.586111 0.934375 0.588889 0.928125 0.588889 0.926562 0.591667 0.926562 0.616667 0.928125 0.619444 0.928125 0.625 0.935938 0.638889 0.935938 0.641667 0.9375 0.644444 0.9375 0.647222 0.939062 0.65 0.939062 0.652778 0.940625 0.655556 0.940625 0.686111 0.942187 0.688889 0.942187 0.691667 0.948438 0.702778 0.948438 0.716667 0.95 0.719444 0.95 0.736111 0.951563 0.738889 0.951563 0.747222 0.953125 0.75 0.953125 0.752778 0.95625 0.758333 0.95625 0.761111 0.957812 0.763889 0.957812 0.766667 0.9625 0.775 0.964063 0.775 0.965625 0.777778 0.971875 0.777778 0.975 0.772222 0.976562 0.772222 0.98125 0.763889 0.98125 0.761111 0.982813 0.758333 0.984375 0.758333 0.985937 0.755556 0.990625 0.755556 0.992188 0.752778 0.998438 0.752778 0.998438 0.544444 0.667968
4 0.240625 0.0222222 0.239063 0.025 0.2375 0.025 0.2375 0.0277778 0.234375 0.0333333 0.232812 0.0333333 0.23125 0.0361111 0.23125 0.0833333 0.232812 0.0861111 0.232812 0.0888889 0.235938 0.0944444 0.235938 0.1 0.2375 0.102778 0.2375 0.116667 0.239063 0.116667 0.240625 0.119444 0.259375 0.119444 0.260938 0.116667 0.260938 0.0361111 0.2625 0.0333333 0.2625 0.025 0.260938 0.025 0.259375 0.0222222 0.68345
9 0.1125 0 0.110937 0.00277778 0.1 0.00277778 0.0984375 0.00555556 0.09375 0.00555556 0.0921875 0.00833333 0.0875 0.00833333 0.0859375 0.0111111 0.078125 0.0111111 0.0765625 0.0138889 0.0734375 0.0138889 0.071875 0.0166667 0.06875 0.0166667 0.0671875 0.0194444 0.0640625 0.0194444 0.0625 0.0222222 0.059375 0.0222222 0.0578125 0.025 0.053125 0.025 0.0515625 0.0277778 0.0484375 0.0277778 0.046875 0.0305556 0.040625 0.0305556 0.0390625 0.0333333 0.0296875 0.0333333 0.028125 0.0361111 0.021875 0.0361111 0.0203125 0.0333333 0.009375 0.0333333 0.009375 0.0361111 0.0078125 0.0388889 0.0078125 0.0444444 0.00625 0.0472222 0.00625 0.230556 0.0078125 0.233333 0.0078125 0.261111 0.009375 0.263889 0.009375 0.280556 0.0109375 0.283333 0.0109375 0.286111 0.0125 0.288889 0.0125 0.291667 0.0140625 0.294444 0.0140625 0.297222 0.015625 0.3 0.015625 0.325 0.0125 0.330556 0.0125 0.333333 0.0109375 0.336111 0.0140625 0.341667 0.021875 0.341667 0.0234375 0.344444 0.0234375 0.347222 0.025 0.347222 0.0265625 0.35 0.034375 0.35 0.0359375 0.347222 0.0359375 0.344444 0.040625 0.336111 0.0421875 0.336111 0.0453125 0.330556 0.05 0.338889 0.0515625 0.338889 0.053125 0.341667 0.0546875 0.341667 0.05625 0.344444 0.0578125 0.344444 0.059375 0.347222 0.059375 0.352778 0.0609375 0.355556 0.0609375 0.375 0.065625 0.383333 0.065625 0.386111 0.0671875 0.388889 0.0671875 0.391667 0.06875 0.394444 0.0703125 0.394444 0.071875 0.397222 0.153125 0.397222 0.154687 0.394444 0.16875 0.394444 0.170312 0.397222 0.184375 0.397222 0.185937 0.394444 0.198437 0.394444 0.2 0.397222 0.245312 0.397222 0.246875 0.394444 0.25625 0.394444 0.257812 0.391667 0.259375 0.391667 0.2625 0.386111 0.2625 0.383333 0.264062 0.380556 0.264062 0.358333 0.265625 0.355556 0.265625 0.313889 0.264062 0.311111 0.264062 0.258333 0.2625 0.261111 0.2625 0.263889 0.259375 0.269444 0.257812 0.266667 0.25625 0.266667 0.254687 0.263889 0.25 0.263889 0.246875 0.258333 0.248437 0.255556 0.253125 0.255556 0.254687 0.252778 0.25625 0.252778 0.257812 0.25 0.257812 0.244444 0.259375 0.241667 0.259375 0.238889 0.260938 0.236111 0.257812 0.230556 0.257812 0.227778 0.25625 0.225 0.25625 0.216667 0.254687 0.213889 0.25625 0.211111 0.25625 0.202778 0.257812 0.2 0.257812 0.197222 0.260938 0.191667 0.260938 0.188889 0.2625 0.186111 0.2625 0.155556 0.264062 0.152778 0.264062 0.133333 0.245312 0.133333 0.24375 0.130556 0.228125 0.130556 0.226562 0.133333 0.225 0.130556 0.210938 0.130556 0.209375 0.127778 0.192188 0.127778 0.1875 0.119444 0.1875 0.113889 0.185937 0.111111 0.185937 0.105556 0.184375 0.102778 0.185937 0.1 0.185937 0.0944444 0.189063 0.0888889 0.192188 0.0888889 0.19375 0.0861111 0.2 0.0861111 0.201562 0.0888889 0.204688 0.0888889 0.20625 0.0861111 0.2125 0.0861111 0.214062 0.0833333 0.217187 0.0833333 0.21875 0.0805556 0.220313 0.0805556 0.223438 0.075 0.223438 0.0444444 0.225 0.0416667 0.225 0.0388889 0.226562 0.0361111 0.226562 0.0333333 0.228125 0.0305556 0.228125 0.0222222 0.21875 0.00555556 0.217187 0.00555556 0.215625 0.00277778 0.210938 0.00277778 0.209375 0 0.723531
6 0.246875 0.822222 0.242188 0.830556 0.242188 0.833333 0.239063 0.838889 0.239063 0.847222 0.2375 0.85 0.2375 0.869444 0.235938 0.872222 0.235938 0.877778 0.234375 0.880556 0.234375 0.9 0.235938 0.902778 0.235938 0.925 0.234375 0.927778 0.234375 0.933333 0.232812 0.936111 0.232812 0.941667 0.234375 0.944444 0.234375 0.955556 0.232812 0.958333 0.232812 0.986111 0.234375 0.988889 0.234375 0.991667 0.251563 0.991667 0.253125 0.994444 0.282813 0.994444 0.284375 0.991667 0.2875 0.991667 0.29375 0.980556 0.295312 0.980556 0.296875 0.977778 0.303125 0.977778 0.304688 0.975 0.315625 0.975 0.317187 0.972222 0.326562 0.972222 0.328125 0.969444 0.33125 0.969444 0.332812 0.966667 0.339063 0.966667 0.340625 0.963889 0.359375 0.963889 0.360938 0.966667 0.3625 0.966667 0.364062 0.969444 0.365625 0.969444 0.373437 0.983333 0.375 0.983333 0.378125 0.988889 0.379687 0.988889 0.382812 0.994444 0.3875 0.994444 0.389062 0.997222 0.421875 0.997222 0.423438 0.994444 0.4375 0.994444 0.439063 0.997222 0.53125 0.997222 0.532812 0.994444 0.535937 0.994444 0.535937 0.991667 0.5375 0.988889 0.5375 0.983333 0.539062 0.980556 0.539062 0.977778 0.540625 0.975 0.559375 0.975 0.560938 0.972222 0.5625 0.972222 0.567187 0.963889 0.567187 0.961111 0.56875 0.958333 0.56875 0.955556 0.571875 0.95 0.571875 0.947222 0.573438 0.944444 0.573438 0.838889 0.571875 0.836111 0.571875 0.825 0.5625 0.825 0.560938 0.822222 0.525 0.822222 0.523438 0.825 0.520312 0.825 0.51875 0.827778 0.51875 0.841667 0.517187 0.844444 0.517187 0.85 0.515625 0.852778 0.515625 0.855556 0.514063 0.858333 0.507812 0.858333 0.50625 0.855556 0.50625 0.852778 0.501562 0.844444 0.5 0.844444 0.496875 0.838889 0.496875 0.836111 0.490625 0.825 0.489062 0.825 0.4875 0.822222 0.426562 0.822222 0.425 0.825 0.423438 0.825 0.421875 0.827778 0.420312 0.827778 0.41875 0.830556 0.417188 0.830556 0.415625 0.833333 0.4125 0.833333 0.410937 0.836111 0.407813 0.836111 0.40625 0.838889 0.3875 0.838889 0.38125 0.827778 0.378125 0.827778 0.376563 0.825 0.373437 0.825 0.371875 0.822222 0.737736
1 0.64375 0.7 0.642187 0.702778 0.640625 0.702778 0.6375 0.708333 0.635938 0.708333 0.634375 0.711111 0.632812 0.711111 0.63125 0.713889 0.63125 0.744444 0.632812 0.747222 0.632812 0.75 0.635938 0.75 0.6375 0.747222 0.639063 0.747222 0.640625 0.744444 0.642187 0.744444 0.64375 0.741667 0.653125 0.741667 0.654688 0.738889 0.65625 0.738889 0.659375 0.733333 0.660937 0.733333 0.6625 0.730556 0.671875 0.730556 0.673437 0.727778 0.673437 0.702778 0.671875 0.7 0.764955
1 0.476562 0.433333 0.475 0.436111 0.475 0.458333 0.478125 0.463889 0.495313 0.463889 0.496875 0.461111 0.50625 0.461111 0.507812 0.458333 0.509375 0.458333 0.514063 0.45 0.514063 0.447222 0.515625 0.444444 0.515625 0.436111 0.514063 0.436111 0.5125 0.433333 0.795597
1 0.0078125 0.466667 0.00625 0.469444 0.00625 0.536111 0.0078125 0.538889 0.0078125 0.541667 0.0234375 0.541667 0.025 0.538889 0.028125 0.538889 0.028125 0.536111 0.0296875 0.533333 0.0296875 0.502778 0.03125 0.5 0.03125 0.497222 0.0328125 0.494444 0.0328125 0.488889 0.034375 0.486111 0.034375 0.472222 0.0328125 0.469444 0.03125 0.469444 0.0296875 0.472222 0.028125 0.472222 0.0265625 0.469444 0.025 0.469444 0.0234375 0.466667 0.798585
1 0.0890625 0.8 0.0875 0.802778 0.0875 0.836111 0.0890625 0.838889 0.096875 0.838889 0.1 0.833333 0.103125 0.833333 0.104687 0.830556 0.109375 0.830556 0.110937 0.827778 0.110937 0.802778 0.109375 0.8 0.803724
1 0.396875 0.777778 0.39375 0.783333 0.39375 0.805556 0.395312 0.808333 0.435937 0.808333 0.4375 0.805556 0.439063 0.805556 0.440625 0.802778 0.440625 0.797222 0.442187 0.794444 0.442187 0.788889 0.440625 0.786111 0.440625 0.780556 0.439063 0.780556 0.4375 0.777778 0.821258
4 0.464063 0.555556 0.4625 0.558333 0.4625 0.591667 0.464063 0.594444 0.464063 0.597222 0.470313 0.608333 0.471875 0.608333 0.476562 0.616667 0.479688 0.616667 0.48125 0.619444 0.484375 0.619444 0.490625 0.608333 0.495313 0.608333 0.498437 0.602778 0.498437 0.6 0.5 0.597222 0.5 0.594444 0.501562 0.591667 0.501562 0.580556 0.5 0.577778 0.5 0.575 0.498437 0.572222 0.498437 0.561111 0.495313 0.555556 0.84567
7 0.04375 0.875 0.0421875 0.877778 0.0125 0.877778 0.0109375 0.880556 0.009375 0.880556 0.009375 0.883333 0.00625 0.888889 0.00625 0.980556 0.0078125 0.983333 0.0078125 0.988889 0.0109375 0.994444 0.0140625 0.994444 0.015625 0.997222 0.0171875 0.994444 0.0203125 0.994444 0.021875 0.991667 0.0234375 0.991667 0.0234375 0.986111 0.025 0.983333 0.025 0.963889 0.028125 0.958333 0.0296875 0.961111 0.0296875 0.963889 0.03125 0.966667 0.03125 0.969444 0.0328125 0.972222 0.0328125 0.975 0.034375 0.977778 0.034375 0.986111 0.0359375 0.988889 0.0359375 0.994444 0.0375 0.994444 0.0390625 0.997222 0.08125 0.997222 0.0828125 0.994444 0.0859375 0.994444 0.090625 0.986111 0.090625 0.983333 0.0859375 0.975 0.0859375 0.972222 0.078125 0.958333 0.078125 0.955556 0.0765625 0.955556 0.0734375 0.95 0.0734375 0.902778 0.071875 0.9 0.071875 0.894444 0.0703125 0.891667 0.0640625 0.891667 0.0625 0.888889 0.0609375 0.888889 0.059375 0.886111 0.0578125 0.886111 0.0546875 0.880556 0.0546875 0.877778 0.053125 0.875 0.858545
1 0.870313 0.277778 0.86875 0.280556 0.86875 0.308333 0.870313 0.311111 0.870313 0.313889 0.873438 0.319444 0.873438 0.322222 0.875 0.325 0.875 0.338889 0.882812 0.352778 0.890625 0.352778 0.89375 0.347222 0.89375 0.344444 0.896875 0.338889 0.896875 0.313889 0.892187 0.305556 0.892187 0.280556 0.890625 0.277778 0.874916
1 0.964063 0.177778 0.959375 0.186111 0.95625 0.186111 0.954687 0.188889 0.951563 0.188889 0.95 0.191667 0.95 0.216667 0.951563 0.219444 0.951563 0.222222 0.953125 0.222222 0.95625 0.227778 0.960938 0.227778 0.964063 0.222222 0.96875 0.222222 0.970312 0.219444 0.979688 0.219444 0.98125 0.216667 0.982813 0.216667 0.984375 0.213889 0.985937 0.213889 0.989062 0.208333 0.992188 0.208333 0.996875 0.2 0.998438 0.2 0.998438 0.177778 0.879346
1 0.917188 0.255556 0.915625 0.258333 0.9125 0.258333 0.909375 0.263889 0.90625 0.263889 0.904688 0.266667 0.903125 0.266667 0.901563 0.269444 0.901563 0.275 0.9 0.277778 0.9 0.325 0.901563 0.327778 0.901563 0.330556 0.903125 0.330556 0.904688 0.333333 0.90625 0.333333 0.907812 0.336111 0.909375 0.336111 0.910937 0.333333 0.9125 0.333333 0.914062 0.330556 0.915625 0.330556 0.917188 0.327778 0.91875 0.327778 0.920313 0.325 0.926562 0.325 0.928125 0.327778 0.929688 0.327778 0.93125 0.330556 0.934375 0.330556 0.935938 0.333333 0.942187 0.333333 0.94375 0.330556 0.946875 0.330556 0.954687 0.316667 0.954687 0.308333 0.953125 0.305556 0.953125 0.302778 0.95 0.297222 0.95 0.294444 0.948438 0.291667 0.948438 0.269444 0.946875 0.266667 0.945312 0.266667 0.942187 0.261111 0.942187 0.258333 0.940625 0.255556 0.899639
1 0.0953125 0.5 0.09375 0.502778 0.09375 0.536111 0.096875 0.541667 0.115625 0.541667 0.117188 0.538889 0.117188 0.519444 0.11875 0.516667 0.11875 0.502778 0.117188 0.502778 0.115625 0.5 0.899751
1 0.157813 0.788889 0.15625 0.791667 0.15625 0.816667 0.157813 0.819444 0.196875 0.819444 0.198437 0.816667 0.2 0.816667 0.203125 0.811111 0.203125 0.808333 0.204688 0.805556 0.204688 0.791667 0.203125 0.788889 0.908969
4 0.126563 0.522222 0.120312 0.533333 0.120312 0.536111 0.115625 0.544444 0.109375 0.544444 0.107813 0.547222 0.104687 0.547222 0.103125 0.55 0.101562 0.55 0.1 0.547222 0.096875 0.547222 0.0953125 0.544444 0.09375 0.544444 0.090625 0.538889 0.090625 0.536111 0.0890625 0.533333 0.0859375 0.533333 0.084375 0.530556 0.06875 0.530556 0.0671875 0.533333 0.0640625 0.533333 0.0609375 0.538889 0.0609375 0.541667 0.0578125 0.547222 0.0578125 0.55 0.05625 0.552778 0.05625 0.555556 0.0546875 0.558333 0.0546875 0.561111 0.05 0.569444 0.05 0.588889 0.0515625 0.591667 0.0515625 0.597222 0.0546875 0.602778 0.0546875 0.608333 0.053125 0.611111 0.053125 0.616667 0.0546875 0.619444 0.0546875 0.622222 0.05625 0.625 0.05625 0.627778 0.0578125 0.630556 0.059375 0.630556 0.0625 0.636111 0.0625 0.644444 0.0640625 0.647222 0.0640625 0.65 0.06875 0.658333 0.06875 0.661111 0.0703125 0.663889 0.071875 0.663889 0.078125 0.675 0.084375 0.675 0.0875 0.680556 0.0875 0.683333 0.0890625 0.686111 0.09375 0.686111 0.0953125 0.688889 0.096875 0.688889 0.1 0.694444 0.104687 0.694444 0.10625 0.697222 0.110937 0.697222 0.1125 0.694444 0.115625 0.694444 0.11875 0.688889 0.120312 0.688889 0.129688 0.672222 0.129688 0.669444 0.132812 0.663889 0.145313 0.663889 0.151562 0.675 0.153125 0.675 0.154687 0.677778 0.15625 0.677778 0.159375 0.683333 0.160938 0.683333 0.1625 0.686111 0.190625 0.686111 0.192188 0.683333 0.192188 0.680556 0.195312 0.675 0.203125 0.675 0.209375 0.663889 0.220313 0.663889 0.221875 0.661111 0.223438 0.661111 0.223438 0.658333 0.229687 0.647222 0.229687 0.588889 0.23125 0.586111 0.23125 0.575 0.232812 0.572222 0.232812 0.563889 0.23125 0.561111 0.23125 0.558333 0.228125 0.552778 0.215625 0.552778 0.2125 0.547222 0.210938 0.547222 0.209375 0.544444 0.207813 0.544444 0.204688 0.538889 0.204688 0.536111 0.196875 0.522222 0.170312 0.522222 0.16875 0.525 0.165625 0.525 0.1625 0.530556 0.160938 0.530556 0.159375 0.533333 0.157813 0.533333 0.15 0.547222 0.15 0.55 0.146875 0.555556 0.142188 0.555556 0.140625 0.552778 0.139062 0.552778 0.135937 0.547222 0.135937 0.533333 0.1375 0.530556 0.1375 0.527778 0.134375 0.522222 0.94432
1 0.0375 0.455556 0.0359375 0.458333 0.034375 0.458333 0.0328125 0.461111 0.0328125 0.466667 0.03125 0.469444 0.03125 0.486111 0.0328125 0.488889 0.0328125 0.494444 0.0359375 0.494444 0.0375 0.497222 0.0421875 0.497222 0.04375 0.494444 0.0453125 0.494444 0.0484375 0.488889 0.05 0.488889 0.0515625 0.486111 0.0765625 0.486111 0.078125 0.483333 0.0796875 0.483333 0.0796875 0.480556 0.0828125 0.475 0.084375 0.475 0.084375 0.472222 0.0859375 0.469444 0.0859375 0.458333 0.084375 0.455556 0.947618
1 0.0390625 0.5 0.0375 0.502778 0.0375 0.525 0.040625 0.530556 0.046875 0.530556 0.0484375 0.527778 0.053125 0.527778 0.0546875 0.525 0.05625 0.525 0.0578125 0.522222 0.0625 0.522222 0.0640625 0.519444 0.08125 0.519444 0.0828125 0.516667 0.084375 0.516667 0.084375 0.513889 0.0859375 0.511111 0.0859375 0.502778 0.084375 0.5 0.953415
4 0.257812 0.544444 0.25625 0.547222 0.25625 0.55 0.254687 0.552778 0.254687 0.555556 0.251563 0.561111 0.251563 0.563889 0.25 0.566667 0.25 0.605556 0.251563 0.608333 0.253125 0.608333 0.25625 0.613889 0.25625 0.619444 0.257812 0.622222 0.257812 0.625 0.260938 0.630556 0.260938 0.633333 0.2625 0.636111 0.2625 0.647222 0.265625 0.652778 0.284375 0.652778 0.290625 0.641667 0.292188 0.641667 0.29375 0.638889 0.295312 0.638889 0.3 0.630556 0.303125 0.630556 0.304688 0.627778 0.304688 0.625 0.307813 0.619444 0.309375 0.619444 0.310937 0.616667 0.310937 0.591667 0.314063 0.586111 0.315625 0.586111 0.317187 0.583333 0.317187 0.558333 0.315625 0.555556 0.314063 0.555556 0.310937 0.55 0.310937 0.547222 0.309375 0.544444 0.959034
4 0.359375 0.533333 0.35625 0.538889 0.35625 0.569444 0.35 0.580556 0.35 0.583333 0.346875 0.588889 0.345313 0.588889 0.34375 0.591667 0.34375 0.627778 0.345313 0.630556 0.346875 0.630556 0.35 0.636111 0.35 0.638889 0.351562 0.641667 0.351562 0.644444 0.359375 0.658333 0.360938 0.658333 0.3625 0.661111 0.364062 0.661111 0.365625 0.663889 0.396875 0.663889 0.398438 0.661111 0.4 0.661111 0.403125 0.655556 0.40625 0.655556 0.407813 0.652778 0.415625 0.652778 0.415625 0.65 0.417188 0.647222 0.417188 0.627778 0.41875 0.625 0.41875 0.622222 0.420312 0.619444 0.421875 0.619444 0.423438 0.616667 0.423438 0.588889 0.417188 0.577778 0.40625 0.577778 0.404687 0.575 0.4 0.575 0.396875 0.569444 0.395312 0.569444 0.39375 0.566667 0.39375 0.563889 0.392188 0.561111 0.392188 0.547222 0.390625 0.544444 0.389062 0.544444 0.3875 0.541667 0.3875 0.538889 0.384375 0.533333 0.965028
