5 0.009375 0.00277778 0.0078125 0.00555556 0.0078125 0.0222222 0.009375 0.025 0.0140625 0.025 0.0140625 0.00277778 0.25178
1 0.364062 0.5 0.3625 0.502778 0.3625 0.519444 0.364062 0.522222 0.364062 0.527778 0.371875 0.527778 0.373437 0.525 0.375 0.525 0.378125 0.519444 0.378125 0.516667 0.379687 0.513889 0.379687 0.505556 0.376563 0.5 0.330605
1 0.335938 0.788889 0.334375 0.791667 0.332812 0.791667 0.332812 0.808333 0.334375 0.808333 0.335938 0.811111 0.354688 0.811111 0.35625 0.813889 0.370313 0.813889 0.371875 0.811111 0.375 0.811111 0.376563 0.808333 0.38125 0.808333 0.382812 0.805556 0.382812 0.8 0.384375 0.797222 0.384375 0.794444 0.382812 0.791667 0.35 0.791667 0.348437 0.788889 0.339591
1 0.939062 0.255556 0.9375 0.258333 0.917188 0.258333 0.915625 0.261111 0.9125 0.261111 0.910937 0.263889 0.909375 0.263889 0.90625 0.269444 0.90625 0.272222 0.904688 0.275 0.904688 0.277778 0.901563 0.283333 0.9 0.280556 0.9 0.277778 0.898438 0.275 0.898438 0.272222 0.89375 0.263889 0.892187 0.263889 0.890625 0.261111 0.889063 0.263889 0.889063 0.280556 0.8875 0.283333 0.8875 0.338889 0.889063 0.341667 0.889063 0.344444 0.890625 0.347222 0.892187 0.347222 0.89375 0.344444 0.895312 0.344444 0.898438 0.338889 0.898438 0.336111 0.9 0.333333 0.9 0.308333 0.901563 0.305556 0.903125 0.305556 0.904688 0.308333 0.904688 0.316667 0.90625 0.319444 0.90625 0.327778 0.914062 0.341667 0.917188 0.341667 0.91875 0.344444 0.921875 0.344444 0.928125 0.333333 0.95 0.333333 0.951563 0.330556 0.953125 0.330556 0.953125 0.322222 0.954687 0.319444 0.954687 0.269444 0.953125 0.266667 0.953125 0.261111 0.951563 0.258333 0.948438 0.258333 0.946875 0.255556 0.360531
1 0.878125 0.266667 0.875 0.272222 0.875 0.305556 0.876562 0.308333 0.876562 0.316667 0.879687 0.322222 0.879687 0.325 0.88125 0.327778 0.88125 0.336111 0.882812 0.338889 0.882812 0.341667 0.884375 0.341667 0.885938 0.344444 0.8875 0.344444 0.889063 0.347222 0.89375 0.347222 0.895312 0.344444 0.896875 0.344444 0.9 0.338889 0.9 0.277778 0.898438 0.275 0.898438 0.272222 0.896875 0.272222 0.895312 0.269444 0.890625 0.269444 0.889063 0.266667 0.370012
5 0.784375 0.577778 0.78125 0.583333 0.78125 0.594444 0.782812 0.597222 0.789062 0.597222 0.790625 0.594444 0.792188 0.594444 0.792188 0.591667 0.79375 0.588889 0.79375 0.586111 0.795313 0.583333 0.795313 0.580556 0.792188 0.580556 0.790625 0.577778 0.521701
1 0.451562 0.777778 0.45 0.780556 0.45 0.802778 0.453125 0.808333 0.496875 0.808333 0.498437 0.805556 0.5 0.805556 0.5 0.783333 0.496875 0.777778 0.532981
7 0.0640625 0.875 0.0609375 0.880556 0.0609375 0.886111 0.0578125 0.891667 0.0546875 0.886111 0.0546875 0.883333 0.0515625 0.883333 0.05 0.880556 0.04375 0.880556 0.0421875 0.877778 0.034375 0.877778 0.0328125 0.880556 0.0203125 0.880556 0.01875 0.883333 0.015625 0.883333 0.0140625 0.886111 0.0078125 0.886111 0.0078125 0.888889 0.00625 0.891667 0.00625 0.980556 0.0078125 0.983333 0.0078125 0.994444 0.0125 0.994444 0.0140625 0.991667 0.015625 0.991667 0.015625 0.977778 0.0171875 0.975 0.0171875 0.961111 0.021875 0.952778 0.0234375 0.955556 0.0265625 0.955556 0.03125 0.963889 0.03125 0.966667 0.0328125 0.969444 0.0328125 0.972222 0.034375 0.972222 0.0359375 0.975 0.040625 0.975 0.0421875 0.977778 0.046875 0.977778 0.05 0.983333 0.0515625 0.983333 0.053125 0.986111 0.0578125 0.986111 0.059375 0.988889 0.0609375 0.988889 0.0625 0.991667 0.0671875 0.991667 0.06875 0.994444 0.0703125 0.994444 0.071875 0.991667 0.071875 0.969444 0.0671875 0.961111 0.0671875 0.925 0.06875 0.922222 0.06875 0.913889 0.071875 0.908333 0.071875 0.877778 0.0703125 0.875 0.571468
1 0.0890625 0.5 0.0875 0.502778 0.0875 0.527778 0.0890625 0.530556 0.0890625 0.536111 0.090625 0.538889 0.0921875 0.538889 0.09375 0.541667 0.107813 0.541667 0.110937 0.536111 0.110937 0.525 0.1125 0.522222 0.1125 0.519444 0.114063 0.516667 0.114063 0.502778 0.1125 0.502778 0.110937 0.5 0.615212
5 0.482812 0.5 0.48125 0.502778 0.48125 0.505556 0.482812 0.508333 0.485938 0.508333 0.4875 0.505556 0.489062 0.505556 0.489062 0.502778 0.4875 0.502778 0.485938 0.5 0.617417
7 0.789062 0.455556 0.7875 0.458333 0.779688 0.458333 0.778125 0.461111 0.775 0.461111 0.773438 0.463889 0.76875 0.463889 0.767187 0.466667 0.764063 0.466667 0.7625 0.469444 0.759375 0.469444 0.757812 0.472222 0.75625 0.472222 0.754687 0.475 0.75 0.475 0.748438 0.477778 0.74375 0.477778 0.742188 0.480556 0.739062 0.480556 0.7375 0.483333 0.735937 0.483333 0.734375 0.486111 0.73125 0.486111 0.729688 0.488889 0.726562 0.488889 0.725 0.491667 0.723437 0.491667 0.720312 0.497222 0.71875 0.497222 0.717188 0.5 0.715625 0.5 0.710938 0.508333 0.709375 0.508333 0.707812 0.511111 0.704687 0.511111 0.703125 0.513889 0.7 0.513889 0.696875 0.519444 0.69375 0.519444 0.692187 0.522222 0.673437 0.522222 0.671875 0.525 0.66875 0.525 0.667188 0.527778 0.665625 0.527778 0.664062 0.530556 0.653125 0.530556 0.651563 0.533333 0.645312 0.533333 0.64375 0.536111 0.640625 0.536111 0.639063 0.538889 0.634375 0.538889 0.632812 0.541667 0.629687 0.541667 0.628125 0.544444 0.626562 0.544444 0.625 0.547222 0.623438 0.547222 0.621875 0.55 0.620313 0.55 0.6125 0.563889 0.610937 0.563889 0.609375 0.566667 0.60625 0.566667 0.604688 0.569444 0.603125 0.569444 0.601562 0.572222 0.6 0.572222 0.598437 0.575 0.59375 0.575 0.592188 0.577778 0.578125 0.577778 0.576563 0.580556 0.560938 0.580556 0.559375 0.583333 0.553125 0.583333 0.551562 0.586111 0.55 0.586111 0.548437 0.588889 0.545313 0.588889 0.54375 0.591667 0.540625 0.591667 0.539062 0.594444 0.532812 0.594444 0.53125 0.597222 0.529688 0.597222 0.528125 0.6 0.525 0.6 0.523438 0.602778 0.517187 0.602778 0.515625 0.605556 0.5125 0.605556 0.510938 0.608333 0.50625 0.608333 0.504687 0.611111 0.503125 0.611111 0.501562 0.613889 0.5 0.613889 0.498437 0.616667 0.495313 0.616667 0.49375 0.619444 0.490625 0.619444 0.489062 0.622222 0.475 0.622222 0.473437 0.619444 0.46875 0.619444 0.467187 0.616667 0.442187 0.616667 0.440625 0.613889 0.426562 0.613889 0.420312 0.625 0.420312 0.636111 0.41875 0.638889 0.41875 0.65 0.414062 0.658333 0.410937 0.658333 0.409375 0.661111 0.40625 0.661111 0.404687 0.663889 0.401563 0.663889 0.4 0.666667 0.385938 0.666667 0.384375 0.669444 0.382812 0.669444 0.38125 0.666667 0.357812 0.666667 0.353125 0.658333 0.351562 0.658333 0.35 0.655556 0.348437 0.655556 0.346875 0.652778 0.346875 0.65 0.345313 0.647222 0.339063 0.647222 0.3375 0.644444 0.335938 0.644444 0.334375 0.641667 0.332812 0.641667 0.329688 0.647222 0.328125 0.647222 0.326562 0.65 0.323438 0.644444 0.321875 0.644444 0.317187 0.636111 0.310937 0.636111 0.309375 0.638889 0.301562 0.638889 0.3 0.641667 0.298438 0.641667 0.296875 0.644444 0.295312 0.644444 0.29375 0.647222 0.290625 0.647222 0.285937 0.655556 0.2625 0.655556 0.253125 0.638889 0.253125 0.636111 0.251563 0.633333 0.24375 0.633333 0.242188 0.636111 0.240625 0.636111 0.239063 0.638889 0.2375 0.638889 0.235938 0.641667 0.234375 0.641667 0.232812 0.644444 0.23125 0.644444 0.226562 0.652778 0.226562 0.655556 0.220313 0.666667 0.217187 0.666667 0.215625 0.669444 0.209375 0.669444 0.203125 0.680556 0.195312 0.680556 0.19375 0.683333 0.192188 0.683333 0.190625 0.686111 0.189063 0.686111 0.1875 0.688889 0.184375 0.688889 0.182812 0.691667 0.159375 0.691667 0.157813 0.688889 0.153125 0.688889 0.151562 0.686111 0.148438 0.686111 0.146875 0.683333 0.145313 0.683333 0.14375 0.680556 0.142188 0.680556 0.140625 0.677778 0.139062 0.677778 0.1375 0.675 0.135937 0.675 0.134375 0.672222 0.13125 0.672222 0.129688 0.675 0.128125 0.675 0.128125 0.677778 0.126563 0.680556 0.126563 0.683333 0.125 0.686111 0.123438 0.686111 0.121875 0.688889 0.120312 0.688889 0.11875 0.691667 0.117188 0.691667 0.114063 0.697222 0.110937 0.697222 0.109375 0.7 0.103125 0.7 0.101562 0.697222 0.0890625 0.697222 0.0859375 0.691667 0.0828125 0.691667 0.08125 0.688889 0.0796875 0.688889 0.078125 0.686111 0.0765625 0.686111 0.075 0.683333 0.0734375 0.683333 0.071875 0.680556 0.06875 0.680556 0.0671875 0.677778 0.065625 0.677778 0.0640625 0.675 0.0625 0.675 0.0609375 0.672222 0.059375 0.672222 0.0578125 0.669444 0.0515625 0.669444 0.05 0.666667 0.0453125 0.666667 0.0453125 0.694444 0.04375 0.697222 0.04375 0.783333 0.0453125 0.786111 0.145313 0.786111 0.146875 0.783333 0.15625 0.783333 0.157813 0.780556 0.1625 0.780556 0.164062 0.777778 0.195312 0.777778 0.196875 0.780556 0.198437 0.780556 0.2 0.783333 0.248437 0.783333 0.25 0.780556 0.279687 0.780556 0.28125 0.777778 0.284375 0.777778 0.285937 0.780556 0.3125 0.780556 0.314063 0.777778 0.323438 0.777778 0.325 0.775 0.345313 0.775 0.346875 0.772222 0.365625 0.772222 0.367188 0.775 0.396875 0.775 0.398438 0.772222 0.432813 0.772222 0.434375 0.775 0.442187 0.775 0.44375 0.772222 0.45 0.772222 0.451562 0.769444 0.454688 0.769444 0.45625 0.766667 0.484375 0.766667 0.485938 0.769444 0.492188 0.769444 0.49375 0.772222 0.5 0.772222 0.501562 0.775 0.504687 0.775 0.50625 0.772222 0.517187 0.772222 0.51875 0.769444 0.521875 0.769444 0.523438 0.766667 0.528125 0.766667 0.529688 0.763889 0.54375 0.763889 0.545313 0.761111 0.55 0.761111 0.551562 0.758333 0.553125 0.758333 0.554688 0.755556 0.557813 0.755556 0.559375 0.752778 0.565625 0.752778 0.567187 0.75 0.570312 0.75 0.571875 0.747222 0.579687 0.747222 0.58125 0.744444 0.584375 0.744444 0.5875 0.738889 0.589063 0.738889 0.590625 0.736111 0.592188 0.736111 0.59375 0.733333 0.603125 0.733333 0.604688 0.730556 0.609375 0.730556 0.610937 0.727778 0.6125 0.727778 0.614062 0.725 0.617188 0.725 0.61875 0.722222 0.621875 0.722222 0.623438 0.719444 0.625 0.719444 0.626562 0.716667 0.628125 0.716667 0.628125 0.713889 0.629687 0.711111 0.63125 0.711111 0.632812 0.708333 0.635938 0.708333 0.6375 0.705556 0.642187 0.705556 0.645312 0.7 0.648438 0.7 0.65 0.697222 0.657812 0.697222 0.659375 0.694444 0.660937 0.694444 0.6625 0.691667 0.664062 0.691667 0.665625 0.688889 0.66875 0.688889 0.670313 0.686111 0.690625 0.686111 0.692187 0.683333 0.695312 0.683333 0.696875 0.680556 0.7 0.680556 0.701563 0.677778 0.70625 0.677778 0.707812 0.675 0.710938 0.675 0.7125 0.672222 0.715625 0.672222 0.717188 0.669444 0.720312 0.669444 0.721875 0.666667 0.728125 0.666667 0.735937 0.652778 0.7375 0.652778 0.7375 0.65 0.740625 0.644444 0.74375 0.644444 0.745313 0.641667 0.751562 0.641667 0.753125 0.638889 0.754687 0.638889 0.757812 0.633333 0.7625 0.633333 0.764063 0.630556 0.76875 0.630556 0.770312 0.627778 0.771875 0.627778 0.775 0.622222 0.776563 0.622222 0.778125 0.619444 0.7875 0.619444 0.789062 0.616667 0.796875 0.616667 0.798437 0.619444 0.8 0.619444 0.801562 0.622222 0.804688 0.622222 0.80625 0.619444 0.809375 0.619444 0.810938 0.616667 0.821875 0.616667 0.823438 0.619444 0.832812 0.619444 0.834375 0.616667 0.840625 0.616667 0.84375 0.611111 0.84375 0.608333 0.845312 0.605556 0.851562 0.605556 0.853125 0.602778 0.853125 0.6 0.851562 0.597222 0.851562 0.594444 0.853125 0.591667 0.854688 0.591667 0.85625 0.588889 0.857813 0.588889 0.859375 0.586111 0.860937 0.586111 0.8625 0.583333 0.86875 0.583333 0.870313 0.580556 0.875 0.580556 0.876562 0.577778 0.878125 0.577778 0.879687 0.575 0.88125 0.575 0.882812 0.572222 0.884375 0.572222 0.885938 0.569444 0.8875 0.569444 0.889063 0.566667 0.890625 0.566667 0.892187 0.563889 0.903125 0.563889 0.904688 0.561111 0.907812 0.561111 0.907812 0.558333 0.909375 0.555556 0.909375 0.55 0.910937 0.547222 0.910937 0.458333 0.909375 0.455556 0.644
1 0 0.466667 0 0.544444 0.0046875 0.544444 0.00625 0.541667 0.0171875 0.541667 0.021875 0.533333 0.021875 0.530556 0.0234375 0.527778 0.0234375 0.502778 0.021875 0.5 0.021875 0.494444 0.0203125 0.491667 0.0203125 0.488889 0.01875 0.486111 0.01875 0.472222 0.015625 0.466667 0.70425
1 0.476562 0.433333 0.475 0.436111 0.475 0.455556 0.476562 0.458333 0.476562 0.461111 0.492188 0.461111 0.49375 0.458333 0.496875 0.458333 0.498437 0.455556 0.509375 0.455556 0.510938 0.452778 0.514063 0.452778 0.517187 0.447222 0.517187 0.438889 0.514063 0.433333 0.72481
4 0.979688 0.555556 0.978125 0.558333 0.976562 0.558333 0.971875 0.566667 0.965625 0.566667 0.964063 0.569444 0.960938 0.569444 0.957812 0.575 0.95625 0.575 0.954687 0.577778 0.951563 0.577778 0.95 0.580556 0.946875 0.580556 0.94375 0.586111 0.942187 0.586111 0.940625 0.588889 0.935938 0.588889 0.934375 0.591667 0.932813 0.591667 0.932813 0.616667 0.934375 0.619444 0.934375 0.627778 0.940625 0.638889 0.942187 0.638889 0.948438 0.65 0.948438 0.652778 0.95 0.655556 0.95 0.675 0.948438 0.677778 0.948438 0.686111 0.95 0.688889 0.95 0.691667 0.951563 0.694444 0.953125 0.694444 0.954687 0.697222 0.95625 0.697222 0.960938 0.705556 0.960938 0.722222 0.959375 0.725 0.959375 0.727778 0.960938 0.730556 0.960938 0.736111 0.9625 0.738889 0.9625 0.744444 0.964063 0.747222 0.964063 0.752778 0.965625 0.755556 0.965625 0.758333 0.96875 0.763889 0.96875 0.766667 0.971875 0.772222 0.971875 0.775 0.975 0.769444 0.978125 0.769444 0.979688 0.766667 0.984375 0.766667 0.9875 0.761111 0.989062 0.761111 0.990625 0.758333 0.992188 0.758333 0.99375 0.755556 0.998438 0.755556 0.998438 0.555556 0.763711
9 0.0953125 0 0.09375 0.00277778 0.078125 0.00277778 0.0765625 0.00555556 0.065625 0.00555556 0.0640625 0.00833333 0.0578125 0.00833333 0.05625 0.0111111 0.05 0.0111111 0.0484375 0.0138889 0.04375 0.0138889 0.0421875 0.0166667 0.0390625 0.0166667 0.0375 0.0194444 0.03125 0.0194444 0.0296875 0.0222222 0.0265625 0.0222222 0.025 0.025 0.021875 0.025 0.0203125 0.0277778 0.009375 0.0277778 0.0078125 0.0305556 0.0078125 0.0333333 0.00625 0.0361111 0.00625 0.266667 0.0078125 0.269444 0.0078125 0.341667 0.009375 0.344444 0.009375 0.352778 0.0109375 0.35 0.0234375 0.35 0.025 0.347222 0.028125 0.347222 0.0296875 0.344444 0.03125 0.344444 0.0328125 0.341667 0.0359375 0.341667 0.0390625 0.347222 0.04375 0.347222 0.0453125 0.35 0.0453125 0.361111 0.04375 0.363889 0.04375 0.383333 0.0515625 0.397222 0.0515625 0.402778 0.053125 0.405556 0.0515625 0.408333 0.0515625 0.413889 0.053125 0.416667 0.0546875 0.416667 0.05625 0.419444 0.0640625 0.419444 0.065625 0.416667 0.0671875 0.416667 0.0703125 0.411111 0.0734375 0.411111 0.075 0.408333 0.08125 0.408333 0.0828125 0.405556 0.0875 0.405556 0.0890625 0.408333 0.120312 0.408333 0.121875 0.405556 0.128125 0.405556 0.129688 0.402778 0.142188 0.402778 0.14375 0.4 0.151562 0.4 0.153125 0.402778 0.154687 0.402778 0.15625 0.405556 0.157813 0.405556 0.164062 0.416667 0.167187 0.416667 0.16875 0.419444 0.171875 0.419444 0.173438 0.416667 0.176563 0.416667 0.179688 0.411111 0.179688 0.408333 0.184375 0.4 0.185937 0.4 0.1875 0.402778 0.190625 0.402778 0.19375 0.408333 0.195312 0.408333 0.196875 0.411111 0.232812 0.411111 0.234375 0.408333 0.24375 0.408333 0.245312 0.405556 0.246875 0.405556 0.25 0.4 0.251563 0.4 0.257812 0.388889 0.257812 0.383333 0.259375 0.380556 0.259375 0.297222 0.257812 0.294444 0.257812 0.286111 0.259375 0.283333 0.257812 0.280556 0.257812 0.258333 0.25625 0.261111 0.253125 0.261111 0.246875 0.25 0.246875 0.247222 0.248437 0.244444 0.248437 0.241667 0.25 0.238889 0.25 0.202778 0.253125 0.197222 0.253125 0.194444 0.254687 0.191667 0.254687 0.180556 0.25625 0.177778 0.25625 0.136111 0.254687 0.133333 0.254687 0.127778 0.253125 0.125 0.24375 0.125 0.242188 0.122222 0.210938 0.122222 0.209375 0.119444 0.198437 0.119444 0.196875 0.122222 0.189063 0.122222 0.1875 0.119444 0.184375 0.119444 0.18125 0.113889 0.18125 0.111111 0.178125 0.105556 0.178125 0.0944444 0.18125 0.0888889 0.182812 0.0888889 0.1875 0.0805556 0.189063 0.0805556 0.190625 0.0777778 0.203125 0.0777778 0.204688 0.075 0.210938 0.075 0.214062 0.0694444 0.214062 0.0666667 0.215625 0.0638889 0.215625 0.0444444 0.214062 0.0416667 0.214062 0.025 0.215625 0.0222222 0.215625 0.0166667 0.214062 0.0138889 0.214062 0.0111111 0.2125 0.00833333 0.2125 0.00555556 0.210938 0.00555556 0.209375 0.00277778 0.192188 0.00277778 0.190625 0 0.778314
6 0.251563 0.811111 0.25 0.813889 0.25 0.816667 0.246875 0.822222 0.245312 0.822222 0.24375 0.825 0.24375 0.827778 0.2375 0.838889 0.2375 0.844444 0.235938 0.847222 0.235938 0.852778 0.234375 0.855556 0.234375 0.858333 0.232812 0.861111 0.232812 0.869444 0.23125 0.872222 0.23125 0.913889 0.232812 0.916667 0.232812 0.919444 0.235938 0.925 0.235938 0.963889 0.2375 0.966667 0.2375 0.972222 0.245312 0.986111 0.246875 0.986111 0.248437 0.988889 0.282813 0.988889 0.284375 0.986111 0.29375 0.986111 0.295312 0.983333 0.3 0.983333 0.301562 0.980556 0.30625 0.980556 0.307813 0.977778 0.310937 0.977778 0.3125 0.975 0.315625 0.975 0.317187 0.972222 0.31875 0.972222 0.320312 0.969444 0.326562 0.969444 0.328125 0.966667 0.33125 0.966667 0.332812 0.963889 0.334375 0.963889 0.335938 0.966667 0.348437 0.966667 0.35 0.963889 0.353125 0.963889 0.354688 0.966667 0.357812 0.966667 0.371875 0.991667 0.373437 0.991667 0.376563 0.997222 0.534375 0.997222 0.535937 0.994444 0.5375 0.994444 0.540625 0.988889 0.54375 0.988889 0.545313 0.986111 0.559375 0.986111 0.560938 0.983333 0.5625 0.983333 0.567187 0.975 0.567187 0.972222 0.573438 0.961111 0.573438 0.955556 0.575 0.952778 0.575 0.95 0.578125 0.944444 0.578125 0.941667 0.579687 0.938889 0.579687 0.933333 0.58125 0.930556 0.58125 0.927778 0.585938 0.919444 0.585938 0.913889 0.590625 0.905556 0.590625 0.9 0.592188 0.897222 0.592188 0.827778 0.590625 0.825 0.590625 0.822222 0.589063 0.819444 0.584375 0.819444 0.582812 0.816667 0.565625 0.816667 0.564062 0.813889 0.5625 0.813889 0.560938 0.811111 0.526563 0.811111 0.525 0.813889 0.523438 0.813889 0.523438 0.827778 0.521875 0.830556 0.521875 0.833333 0.520312 0.836111 0.520312 0.841667 0.51875 0.844444 0.51875 0.85 0.517187 0.852778 0.517187 0.861111 0.514063 0.866667 0.510938 0.866667 0.504687 0.855556 0.503125 0.855556 0.498437 0.847222 0.498437 0.844444 0.496875 0.841667 0.495313 0.841667 0.49375 0.838889 0.49375 0.836111 0.492188 0.833333 0.492188 0.827778 0.490625 0.825 0.489062 0.825 0.4875 0.822222 0.426562 0.822222 0.425 0.825 0.423438 0.825 0.420312 0.830556 0.417188 0.830556 0.415625 0.833333 0.414062 0.833333 0.409375 0.841667 0.4 0.841667 0.396875 0.836111 0.396875 0.827778 0.395312 0.825 0.392188 0.825 0.390625 0.822222 0.314063 0.822222 0.3125 0.825 0.309375 0.825 0.307813 0.827778 0.301562 0.827778 0.3 0.825 0.298438 0.825 0.296875 0.822222 0.295312 0.822222 0.290625 0.813889 0.289062 0.813889 0.2875 0.811111 0.78099
1 0.926562 0.244444 0.925 0.247222 0.921875 0.247222 0.920313 0.25 0.920313 0.255556 0.91875 0.258333 0.91875 0.319444 0.920313 0.322222 0.920313 0.336111 0.921875 0.338889 0.923437 0.338889 0.925 0.336111 0.926562 0.336111 0.926562 0.333333 0.928125 0.330556 0.9375 0.330556 0.939062 0.333333 0.948438 0.333333 0.95 0.330556 0.953125 0.330556 0.960938 0.316667 0.960938 0.3 0.959375 0.297222 0.959375 0.291667 0.95625 0.286111 0.95625 0.283333 0.954687 0.280556 0.954687 0.266667 0.953125 0.263889 0.953125 0.258333 0.951563 0.258333 0.95 0.255556 0.95 0.252778 0.948438 0.25 0.948438 0.247222 0.946875 0.244444 0.818042
1 0.0828125 0.811111 0.08125 0.813889 0.08125 0.838889 0.0828125 0.841667 0.0984375 0.841667 0.1 0.838889 0.101562 0.838889 0.104687 0.833333 0.104687 0.827778 0.10625 0.825 0.10625 0.816667 0.103125 0.811111 0.821335
1 0.395312 0.788889 0.39375 0.791667 0.39375 0.813889 0.396875 0.819444 0.421875 0.819444 0.423438 0.816667 0.428125 0.816667 0.43125 0.811111 0.432813 0.811111 0.434375 0.808333 0.435937 0.808333 0.4375 0.805556 0.439063 0.805556 0.439063 0.794444 0.435937 0.788889 0.82769
1 0.015625 0.833333 0.0140625 0.836111 0.0125 0.836111 0.0078125 0.844444 0 0.844444 0 0.877778 0.0109375 0.877778 0.0125 0.875 0.025 0.875 0.0265625 0.872222 0.03125 0.872222 0.0328125 0.869444 0.034375 0.869444 0.0359375 0.866667 0.0375 0.866667 0.0390625 0.863889 0.0453125 0.863889 0.046875 0.861111 0.0484375 0.861111 0.0515625 0.855556 0.053125 0.855556 0.05625 0.85 0.05625 0.838889 0.053125 0.833333 0.848572
1 0.0328125 0.5 0.03125 0.502778 0.03125 0.525 0.034375 0.530556 0.0390625 0.530556 0.040625 0.527778 0.04375 0.527778 0.0453125 0.525 0.046875 0.525 0.0484375 0.522222 0.059375 0.522222 0.0609375 0.519444 0.0765625 0.519444 0.0796875 0.513889 0.0796875 0.502778 0.078125 0.5 0.868081
1 0.632812 0.711111 0.63125 0.713889 0.63125 0.747222 0.634375 0.752778 0.645312 0.752778 0.651563 0.741667 0.665625 0.741667 0.667188 0.738889 0.667188 0.736111 0.670313 0.730556 0.675 0.730556 0.676562 0.727778 0.678125 0.727778 0.678125 0.725 0.679688 0.722222 0.679688 0.713889 0.678125 0.711111 0.883772
4 0.464063 0.555556 0.4625 0.558333 0.4625 0.594444 0.467187 0.602778 0.467187 0.605556 0.46875 0.605556 0.470313 0.608333 0.471875 0.608333 0.478125 0.619444 0.485938 0.619444 0.4875 0.616667 0.489062 0.616667 0.492188 0.611111 0.49375 0.611111 0.495313 0.608333 0.496875 0.608333 0.498437 0.605556 0.498437 0.602778 0.5 0.6 0.5 0.597222 0.503125 0.591667 0.503125 0.580556 0.498437 0.572222 0.498437 0.561111 0.495313 0.555556 0.886419
1 0.157813 0.788889 0.15625 0.791667 0.15625 0.816667 0.157813 0.819444 0.196875 0.819444 0.198437 0.816667 0.198437 0.811111 0.2 0.808333 0.2 0.791667 0.198437 0.791667 0.196875 0.788889 0.908538
1 0.028125 0.455556 0.025 0.461111 0.025 0.488889 0.0265625 0.491667 0.0265625 0.494444 0.0296875 0.494444 0.03125 0.497222 0.034375 0.497222 0.0359375 0.494444 0.0375 0.494444 0.0390625 0.491667 0.040625 0.491667 0.0421875 0.488889 0.04375 0.488889 0.0453125 0.486111 0.065625 0.486111 0.0703125 0.477778 0.071875 0.477778 0.078125 0.466667 0.078125 0.463889 0.0796875 0.461111 0.0796875 0.458333 0.078125 0.455556 0.938519
4 0.25625 0.544444 0.254687 0.547222 0.253125 0.547222 0.251563 0.55 0.251563 0.552778 0.25 0.555556 0.25 0.561111 0.24375 0.572222 0.24375 0.602778 0.25 0.613889 0.25 0.616667 0.25625 0.627778 0.25625 0.638889 0.264062 0.652778 0.284375 0.652778 0.295312 0.633333 0.296875 0.633333 0.298438 0.630556 0.301562 0.630556 0.310937 0.613889 0.310937 0.591667 0.315625 0.583333 0.315625 0.575 0.317187 0.572222 0.310937 0.561111 0.310937 0.558333 0.309375 0.555556 0.307813 0.555556 0.304688 0.55 0.304688 0.547222 0.303125 0.544444 0.945503
4 0.160938 0.522222 0.159375 0.525 0.157813 0.525 0.154687 0.530556 0.153125 0.530556 0.15 0.536111 0.15 0.538889 0.146875 0.544444 0.145313 0.544444 0.14375 0.547222 0.14375 0.55 0.140625 0.555556 0.132812 0.555556 0.13125 0.552778 0.129688 0.552778 0.128125 0.55 0.128125 0.530556 0.129688 0.527778 0.128125 0.525 0.120312 0.525 0.109375 0.544444 0.1 0.544444 0.0984375 0.547222 0.0921875 0.547222 0.090625 0.544444 0.0890625 0.544444 0.084375 0.536111 0.084375 0.533333 0.0828125 0.530556 0.08125 0.530556 0.078125 0.525 0.071875 0.525 0.0703125 0.527778 0.065625 0.527778 0.0640625 0.530556 0.0609375 0.530556 0.059375 0.533333 0.05625 0.533333 0.05 0.544444 0.05 0.547222 0.0453125 0.555556 0.0453125 0.558333 0.04375 0.561111 0.04375 0.622222 0.0453125 0.625 0.0453125 0.627778 0.046875 0.630556 0.0484375 0.630556 0.0515625 0.636111 0.0515625 0.638889 0.053125 0.638889 0.0546875 0.641667 0.0546875 0.644444 0.05625 0.647222 0.05625 0.65 0.0578125 0.652778 0.0578125 0.655556 0.0625 0.663889 0.0640625 0.663889 0.0703125 0.675 0.075 0.675 0.0765625 0.677778 0.078125 0.677778 0.0828125 0.686111 0.084375 0.686111 0.0875 0.691667 0.0875 0.694444 0.0890625 0.697222 0.110937 0.697222 0.1125 0.694444 0.115625 0.694444 0.115625 0.691667 0.11875 0.686111 0.120312 0.686111 0.121875 0.683333 0.121875 0.680556 0.123438 0.677778 0.123438 0.672222 0.128125 0.663889 0.132812 0.663889 0.139062 0.675 0.146875 0.675 0.151562 0.683333 0.153125 0.683333 0.154687 0.686111 0.185937 0.686111 0.1875 0.683333 0.189063 0.683333 0.192188 0.677778 0.19375 0.677778 0.195312 0.675 0.201562 0.675 0.207813 0.663889 0.215625 0.663889 0.217187 0.661111 0.21875 0.661111 0.221875 0.655556 0.221875 0.652778 0.223438 0.65 0.223438 0.611111 0.225 0.608333 0.225 0.597222 0.228125 0.591667 0.228125 0.586111 0.229687 0.583333 0.229687 0.561111 0.228125 0.558333 0.228125 0.555556 0.2125 0.555556 0.210938 0.552778 0.207813 0.552778 0.20625 0.55 0.20625 0.547222 0.204688 0.547222 0.203125 0.544444 0.201562 0.544444 0.198437 0.538889 0.198437 0.533333 0.196875 0.530556 0.196875 0.527778 0.195312 0.525 0.19375 0.525 0.192188 0.522222 0.947991
4 0.357812 0.533333 0.35625 0.536111 0.35625 0.544444 0.354688 0.547222 0.354688 0.552778 0.351562 0.558333 0.351562 0.563889 0.35 0.566667 0.35 0.580556 0.34375 0.591667 0.34375 0.627778 0.345313 0.630556 0.345313 0.633333 0.348437 0.638889 0.348437 0.641667 0.35 0.644444 0.35 0.65 0.351562 0.652778 0.353125 0.652778 0.359375 0.663889 0.38125 0.663889 0.382812 0.666667 0.384375 0.666667 0.385938 0.663889 0.398438 0.663889 0.4 0.661111 0.403125 0.661111 0.404687 0.658333 0.40625 0.658333 0.407813 0.655556 0.409375 0.655556 0.410937 0.652778 0.414062 0.652778 0.417188 0.647222 0.417188 0.622222 0.41875 0.619444 0.41875 0.616667 0.421875 0.611111 0.421875 0.591667 0.417188 0.583333 0.417188 0.580556 0.415625 0.577778 0.403125 0.577778 0.401563 0.575 0.398438 0.575 0.392188 0.563889 0.392188 0.561111 0.3875 0.552778 0.3875 0.55 0.385938 0.547222 0.385938 0.536111 0.384375 0.533333 0.962273
